20929
-31324
28832
-8937
7128
-27163
-25074
-16120
5341
29356
-28681
-118
20297
16046
5326
646
-32594
27210
2478
13367
22142
-10433
-30989
-7677
24411
-5271
17104
18420
31662
-18996
31967
18433
-30526
2225
-31370
4055
-18116
11266
-19460
-20376
-12778
-30015
24382
27168
8941
32430
10900
12494
16584
7480
-17673
-21978
27207
-22431
-22781
-22021
21567
1785
13561
-4307
-571
26374
14742
-23498
23195
-4805
10966
-6560
17180
5291
14769
22201
-9087
8628
1472
30629
27792
-13563
15809
23067
19416
-1078
16414
-8810
26922
21026
-29110
-31319
-28252
-17240
-23021
-22451
28680
23068
-27673
30666
-2387
32364
20726
11105
-22881
32682
-16296
18815
-6303
-20901
-8717
-10551
25084
-25643
29315
-4950
4746
-28185
24429
-1358
-31970
-8561
21887
-19070
25372
22256
-30295
30325
28185
13420
-17773
-28933
21749
12006
-26061
-11650
7302
30524
28216
23077
9381
-2843
31354
17694
-13657
-5707
-30664
-1889
23095
-8481
-25258
8846
-16453
32271
-18802
-32278
12020
-17978
6007
14267
-20155
26558
-31858
9178
20007
12462
29451
-28610
16716
30725
5846
11779
28906
-24838
-16850
10034
6060
-14937
-3742
-14320
21734
-4750
21614
814
5711
8067
9346
-11473
-29157
-1411
-7317
15640
10362
-13747
-31755
30329
-19551
3384
10808
29207
11536
2327
21204
-10657
26487
-11354
-3067
8307
31708
-3817
-5193
30457
-18102
27593
-12921
28540
-31273
2098
-7264
-13941
25640
-2082
-2670
-7562
4193
11956
10255
25803
26467
15717
2199
30320
-29790
21486
-26613
26725
31292
-12441
-6356
-21694
943
30172
-26601
-29875
-9539
17278
22413
-2219
11502
27597
8524
21796
-2194
-3559
-7633
9893
2887
-1013
-13482
691
29736
-15997
26928
9367
-19337
-17287
20851
-27335
2523
31776
-1287
-20251
-21175
15935
4746
-29475
-16052
12689
24487
32632
25064
1144
3104
-12783
2265
8905
-7764
17256
14630
-14904
-12184
12795
9550
-18105
-11970
9414
-15689
30981
-2238
16859
32156
2348
17131
8594
-32647
-21264
-30131
-25235
16809
24175
-30431
-9826
-13629
-21827
-5154
-29620
-5105
21755
-5982
17771
20389
-7215
-18159
14943
7904
-1066
2079
-10202
-21197
10844
9929
8006
23417
-31930
-25930
-29583
-22852
13575
22971
4269
5436
-2570
-14992
23642
29983
-4718
14704
32701
-24741
32035
-16428
-23480
-19944
2681
15947
24965
30101
-20541
12132
-3897
24166
29607
-17774
16984
24594
27796
-16851
-18550
-31941
-3566
7787
1083
-3567
-16536
27704
31549
-4520
-21924
-18696
-14269
-7242
20771
7216
-9602
-30342
-7549
26684
-32001
-14634
-7418
-9526
2472
-13183
-28026
-7609
-17439
-26950
21685
24917
14295
-13623
16386
-12010
-2146
-23841
-19080
21327
24249
23398
-23317
-30795
19863
21698
-8119
-18729
-641
-9099
-24299
-22983
-22457
20651
8970
10289
16055
4432
-2314
15046
12433
29028
28842
18534
2371
-25624
21306
-8800
25669
7948
-25018
-6479
31792
-28421
8056
18457
22383
-32551
11081
25864
21927
-22685
-24632
-6473
-24374
2518
5283
-10316
-15157
-32164
-9362
-6628
28948
-8000
13026
24506
9884
-26940
-12151
15132
21909
-23889
-23716
16513
11759
11110
29359
9672
9571
237
-17329
12351
-2495
-3005
-2915
-20635
-26149
-17985
3090
25481
-32348
-14131
-9014
-23689
4602
27673
-7367
-11299
8609
-2763
25889
-31792
217
-14720
-5714
16665
19246
-22861
-23130
-2166
-30981
-28497
16102
28183
21884
-3386
2563
13587
-18755
