-14701
-12654
28078
-7318
-15807
22262
1366
5969
-29641
-19543
-26438
19661
-23132
11576
21528
-2783
15464
-6085
-12057
-7348
18053
-12165
4992
6688
2315
-25450
23065
-4076
1434
-27437
6043
-27682
2417
-30646
13719
-17179
-9975
6998
30789
4734
-19660
23134
-24682
-27402
-22830
15315
-24517
4941
30216
31887
4053
30963
-32230
379
-24793
32284
-1376
-22151
15676
1531
19333
15007
16072
13765
-31636
-10802
-23448
3969
13459
7018
23296
7069
-2432
-4968
4410
27732
-23062
29582
-793
1511
-1173
-8602
-21624
30350
2216
-2299
-18208
10576
-12286
-31870
1677
-16754
-3374
6581
-12364
30051
12604
-11992
-19546
28897
13963
-450
-27989
25595
-4850
-7745
-10296
-4270
21637
-2148
-30057
-17471
-27085
20489
17447
7360
-11962
7653
-7693
-14957
-9460
25953
-28209
-9168
-4738
30212
-28167
29965
-138
-25874
-16343
17070
16741
11365
-11601
1015
-1635
-4661
-10592
-937
-17643
25262
19976
-32586
-20014
-31143
2355
25654
32714
4220
-27144
-12349
-6814
12890
-8179
-12458
12376
30478
23931
-24533
11371
12861
-7664
-30048
4194
-22521
-2870
-11528
-23880
-9917
17016
3036
-28474
-24812
-30642
-10829
-19576
-32583
4465
-10832
-17181
28337
-23861
28621
-30601
20020
28576
-29057
2814
-31
29300
-31961
-25787
19656
17607
-13709
3983
-6962
20736
16237
-5452
22835
-1708
2154
-27750
-16744
3769
18604
21084
24859
-19723
25072
-29186
-18948
-32613
20655
-31354
30021
-27595
28211
32723
-30959
-11934
-23678
11501
11974
32522
-10247
-19512
-24584
5542
9947
-22600
-6338
-9605
9871
-8098
-11621
-23817
19624
-4310
17413
-9446
14801
-21157
6487
-22049
30828
7574
-27533
-12619
-1776
-25585
-4415
-27892
22465
6180
-32001
-5410
-19188
-11601
-18357
-24741
-21042
-9298
-26233
7812
-17173
19114
-15354
19186
4532
-4977
6269
26251
-22990
-7673
22867
-3237
8215
27008
-24281
9569
-14412
-12374
23714
16521
-24704
16753
12989
-624
26511
-1354
1559
-12027
6103
3156
-1340
-20648
7202
-19225
11086
-22290
23785
1784
30748
31043
-8198
22488
-25587
-7136
-29747
-19993
29018
31683
22733
17774
4595
11072
-1193
-27862
15844
-24641
-11909
-13539
13120
27610
-24670
-25805
-7627
-32734
26349
26685
10359
21357
24688
-21339
32518
-10620
-6107
-2186
17696
3465
-7498
-14543
-27748
-5452
-5861
15096
17273
-15134
17655
21864
-27938
-31406
-30519
19433
-27856
26465
20182
7575
19365
-6818
27148
27824
15119
11594
-27780
21907
-23573
14551
24500
-16820
-12857
25408
1799
22937
9972
6224
19296
22693
-3702
-2204
-30949
-31200
-6501
-31361
-20606
17909
-1318
18790
-10696
-19288
12143
-4906
29774
-7929
6702
-16986
-30137
-9314
-28668
-21986
24508
5780
-25416
-27845
28164
20776
-19702
-28663
-16268
2471
-16381
32015
-10878
12545
-29536
-3386
-13377
-25887
-26428
32258
25990
25928
23159
-19044
11914
21201
-29570
-30741
-12769
-11683
-2281
-9349
20823
12122
-8643
23986
-2051
9644
0
6804
-12494
-11272
-12719
14458
9470
-14440
20215
-3339
-24670
-25320
-13061
-20577
-31843
28724
17964
-14319
29604
5749
16424
25553
-19110
-8389
28537
32096
-14930
21616
23595
-4804
-14265
14018
-4461
5627
7301
-20388
-28820
-29565
9071
31019
17981
-10460
341
26578
282
7912
-6572
-22031
-3955
28125
10385
-24801
-23820
-10908
15192
4463
18956
-26734
19952
18036
21989
11944
7495
9171
20480
-12912
17255
25187
-24105
-19374
4027
